Data: 1,JF2SKAPCXNH437670,1871,24,13323.400,2.400,0.07,0.07,12.52,05/24/23,16:15:12,34.034416,-118.508102,10,248,3,184,12.7,296,315
Data: 2,JF2SKAPCXNH437670,2101,28,13323.400,2.400,0.07,0.07,12.49,05/24/23,16:15:13,34.034408,-118.508148,11,249,3,184,12.8,297,315
Buffer: 0,2508,2509,28083
Data: 3,JF2SKAPCXNH437670,1818,32,13323.400,2.400,0.07,0.07,12.48,05/24/23,16:15:14,34.034393,-118.508186,13,246,3,184,12.8,298,315
Data: 4,JF2SKAPCXNH437670,1678,36,13323.400,2.400,0.07,0.07,12.47,05/24/23,16:15:15,34.033336,-118.507965,15,242,4,180,2.1,299,315
Data: 5,JF2SKAPCXNH437670,1789,40,13323.400,2.400,0.07,0.07,12.46,05/24/23,16:15:16,34.032299,-118.507843,32,219,4,81,2.1,300,315
Data: 6,JF2SKAPCXNH437670,1860,44,13323.600,2.600,0.07,0.07,12.48,05/24/23,16:15:17,34.032234,-118.507843,36,213,4,86,2.1,301,315
